$ANSIBLE_VAULT;1.1;AES256
66383237666634346162636361613439616530343666623437316631636263636636306564383863
3461656632336236656331653630616236626135303964310a313263303463383939346333636530
66366361303166333839316537636431393363616630656333343364653035303933396237643162
3236663133653832350a373562346565653036663564626637303432653662313537653639343665
65333132346262323634636233353230616138366661336531373536343863633363663335376163
64393530343136373364633562656335353930383730613137373865336239333637666234353533
66633263646463336366666261313963306534653363353535373763623336316532656634313261
39366236353065656262613338636332656338356633363666666266663933646363633461383633
38616532616237333130356236363763376633313530393230363565643463653839303631326430
36613836333235373337396239616263356332643838613138326431346562376265623838646165
64376430373861643931303633393434303738653438333838333632633435373035383139383833
38333230333135396434383833616531393736646136616366643634376463376237313437396461
62363230666633396561633233333266303962656236643066386332353732636631396334313366
64323132356465613964383335356636623834383465343266643138343266323339313539623632
66343061656430333033383233353466653862373965386162343765373834313262636436363130
31326263343931333235653164336261303135656133383662393863383832663864613266326337
37323134663836323262656339303530653838666462313866646635333736363866386433336364
64636435366562356565363136663733613965623034393464643838666163616233366435366633
33346361313930383437356438623231653136636336333264313965623934343734376232626231
30646134353732623864376639633966363337626666633634336664363665623063633061303633
34613037356362363737666230313434666666346533643663303735303738383030643465636238
63313162623432396537326431393934303130613030333130316564396661313232306237656365
63303863643336616134306366383436326462346164623938623333363737393232366632363530
30356161373530643365316131613764393830396634343934363064353535333835633464333734
66626537393231373838313962666561616332643635356666386264643338303865616430393634
31303864333036336134656433383065383630626637633966376465393039663639316237646434
66616361623831373730306232666162343837316332343865363463366537633631613561626437
66623166303866323061316236646166363861346361363039373632303362383166663539343761
33653736313136363131383331663165333634376232326562613734643939346562383236646166
36386461346561653631336263336534613138376335383264646234306533356564333863633236
62373733333965353232343232383739313432343161356561373264653761303631626664626235
31353530313632353737653536623235653437333837393562366361353739333930626336613936
30616263373564633330353566633761663735626238316438313530386562333764623435383233
32386663373236333432393139633230363533363130346165323161663764393439376464643939
30633461386636303863393564363337643836316533353432313562613664316339393736393066
31643730666236383361616530373066373261323132663563333064643030303430353234316536
63353637323830626235666533633330636666643839336366613937613735656635653538353439
38373437323631383565353437343534393164346630303830376635376362653330633332386461
36643636376263313861323332393466646439333935633133353265366261636635313932366362
30336264616336656631383732383030616233383832623866313136343131666264313435613663
30643337646263333731633632376436303431376136666461646666613061333033363534383439
36646263346464623538643562646136643136393939323966363436386533393861303266653230
37313864626532313530306266383464303633326636316266303237383430633738633666303037
33373162373935343533353434333135383934613630356536656462616561623236313765333838
31396333653739303933656362326636366263316361633331613636363332363932363066356162
35616631343334333534626639346161653762623538643666333964646362366137383663316566
31653232393462313534623730366636353533313861636664373262376233326536323162643466
62393037383762633565643363373734633634613939653161623562306639303935306461363038
31663332366362373839643762323136623661623261396239653133623565333930383138356330
37623530353033336230666634376530656661656162666666313466353833393665396361366539
33626636633066643265643438316537643862633762363964386131626238623039393861666132
62333364363865613139363363653863303435653862663636393064646433346431353436353433
63356137356337303833646235396633313361643063363962623234333633626666353630313235
37373730663634663933303366623630353063396466636631666462663663643435656637323335
36303561356232373865356332633432323738316163646532333465376334356331343131313238
36383832646531633435633836363734303532653531396535306630626539623633653630616162
33306536313035633839306664613232326331313266313737623966663238343931396136626263
32666463623335323165636363656238363835316234613932616532343438386661623232333939
65336261613665633561373066363330623937643565313435306361663832646333633134326433
37376131623161323932323633313934623330663431323539303536383536353461623162303866
33393237653161666230626135633332633436623733383566373132373964373333333933393763
30323035656134343930333633643830383564613530313862396633633963333531393638303835
32303039323964366465396135643230383733336235353461636365333963366133363832643431
37393464656634613636396431366461653865326330336333623738346261373739643236393133
35393139383532383631653162353062326130353034643433633964633132393230353861363530
65306564386432383466633736383235333961313139626539343232396135653932646165313339
33376237386537326336653863303266303636633436653631343763386231353165323664373039
65323932326463313062396231396134643661376466633361623333306665636562626537646639
65353962663466383663646335666333623732333739363665643434396338643539656138636566
37616664306530376631633830376637303361363730356436393436666662343430323435376438
61653137303539306264623663656430326235616634363766316436656236616566313532643435
30653736613066643962653365373938343435633732313234616132616631343764643432323538
35363236616535613535316363366261336630373766323738386430353466633762363335336236
37653163386163663065633336336564313137633839663263313033643332373933396630366437
34323435613134393238336330313037323232316265646430336434333263666630363233373663
66646233653362313463373037633934643839646237663238353761626338636638346562623135
31356431663464393665343736356564353964643134326139646330386238613865623566646337
31656534336664633233333735616133633937623262333938343465623166316237336665313136
30316235663537346532633036643638656530363962633834323934336364663532613939303138
33666564383536356535613239323636646136353434363463346435633934616133363032383537
62386431326666653339373666643338656430363866393062386162316330333533373863396631
32333264646535663164323736303363613364383536383765323731346436323162313164663334
35373833313066373833323163303261663537323535323465626336343534653666303234346237
64383831663861383435626436373730396666333736653864623237666166656465623339396535
64346439336434343931383235383635313537633636343635313961643566616637666530303934
34613266666362393763383838363563646164663935613930393535333961333333613666303165
33396365623538333038366261313163363161353436643436353238353630303730333061623561
35616562366537663030346436653038306533366464623262343534323733363765653163623431
39346563336339313363346665666564633135353765396531383366626665356535353364613736
61336363646232626334323031666161633861393661316664303338343739656337393030346166
65373430303963356538336261636330323131363363353131343136633765333434653131633735
33656461303231656462336431313837643136333637366632383134653761336338353733653632
62343235363964363663306366633531303962366261333536646638333030306532613366393335
62613565386238326663393366313937653663336366656236393261636431663535323362356433
66323339333231316436323265313030633631313739626332623066666362363931613135356264
64626130346162386431663764663631316139363264653065613531356566663164383733343562
64393537613239633933333261386331626533316138316537386639366261616663336561666263
65633034653065366339613834396466666266333430366338313230383232643863613364626365
62383662373032636265386530663934666334313031383339373364626439396538633631326134
39393564653237653565633634363532386563636433303362306432316563326436643931356665
38366161383730326361613463353538313462303035386235313566653562653639383464313065
34313962616462653630303263363462313933336231383432336566376566393237333234376264
64373638313537356163333437333533613832393135323564396563363334366237356431346361
36633763373064643937633934633434376230326633326564646466386236393363323232363631
61623635356564646632383730663436616463666161343261373131336438323363393331323165
37396366663730653630393261373434623664333561363964643339653039623736643761356432
65353664636663363165303330346639333034613130343139396237336530656531333765356366
66653937376662376130643434356465333736386263353332343536663036373738363437376165
33306266336331333239636562616437353437616566666335643432346134333135326339303763
33306230343565323964663836346630653037333364623333643361306436303637353132313063
33373962346261383330383730623837313565633531346235623132373330323862316533626562
34323738336132303735303764323337643564613832656665313763393532393732626235306132
38653235363664666533623938633730323532613332353661613138393562336466363431343738
30303134616434313835343833343438333462306262643335356261386464393732626461623632
33646137323931376635653963336131303963353834383162656337653765656261386566666364
38383231343333636464393831373034633366393538363864363938396163656663396363643566
65343961333831393764396637356433363739326636363234356263653639393261336361313736
66346337613263343632396137633264623930353434656534623033303265366661323933373863
36346661396437383530366633396164653365333330306638356235346637663932613163653863
31646264376635303830663961386263386337336338333832633961636433346363383236366333
65636238636530666430346631626334366438376534343063386163613265316362363336666639
63666636656163643031323736663235363264336266643562316437653436363236313633393363
31356432393666326332666232373734366264386136616232393531646437623633653130383766
34316339366165336132623633663764366238373165323839303839383933653634326166353961
64373130353363396132663035626231306534623666363038393465626134643137333134333432
61663865373363663864643334623233383666353136646164366332363563626261396663326562
33626562323139316338353166363931396266363530396431323639343131613437376536313438
39623638386263343061383737613333396664306163333666663431303964626266313062646537
38346463666533386435363932623138313231336538383936633766383561376433643864663338
36633834613964396662373766623266613865626465333632663437313732393435633862663937
66383639343930343436613337343465303261366566393966333636376334323839353566616264
39333536616238366263623462656538333662623562383033376231616662373734336431366238
62643065623263366639373439346431643036343838393237643238613262623439316466376536
3439646536383665643136393864643431356630636466656466
